'\t' 81610
'\n' 1090750478
'\u{13}' 195324
'\u{14}' 2698875669
'\u{15}' 131854147
'\u{16}' 18435191024
'\u{17}' 46479411
' ' 3111354970
'!' 26832401
'"' 395137002
'#' 44743910
'$' 8062621
'%' 2935034
'&' 5594278
'\'' 419967463
'(' 94314550
')' 95319834
'*' 157991827
'+' 2389627
',' 1266587755
'-' 174715579
'.' 1248740874
'/' 26832968
'0' 129865715
'1' 203112242
'2' 125147108
'3' 79847052
'4' 69035180
'5' 70910929
'6' 58333180
'7' 56365862
'8' 62196522
'9' 90454554
':' 89650918
';' 63402510
'<' 2744211
'=' 5715876
'>' 6692648
'?' 77635783
'@' 629555
'[' 10352106
'\\' 8525323
']' 10479532
'^' 511475
'_' 214698616
'`' 7281368
'a' 6845945335
'b' 1291777151
'c' 2430723942
'd' 3443302521
'e' 10250881487
'f' 1748383124
'g' 1741758335
'h' 4405456580
'i' 5954406100
'j' 170902284
'k' 731218643
'l' 3527446071
'm' 2120615486
'n' 5825940763
'o' 6232775552
'p' 1656025865
'q' 109840808
'r' 5053288289
's' 5404466481
't' 7364176174
'u' 2423019813
'v' 843014247
'w' 1621131628
'x' 162930576
'y' 1492629214
'z' 104374029
'{' 3982436
'|' 25381356
'}' 3970399
'~' 463918
128 114837241
129 8323936
130 6270828
131 4608283
132 4418988
133 2261059
134 1753773
135 2336222
136 2998431
137 1793701
138 844663
139 3229867
140 1687558
141 2431338
142 951927
143 1500336
144 1722150
145 970486
146 1501592
147 48007634
148 55847657
149 1305445
150 1539732
151 1746535
152 922237
153 1569221
154 1070816
155 1379034
156 1261377
157 854033
158 478279
159 2510849
160 10510271
161 8609645
162 7316046
163 2601272
164 18346532
165 9316445
166 1870401
167 3302940
168 8093106
169 43644239
170 4088308
171 6347642
172 2467957
173 12642498
174 2685301
175 2107061
176 5087454
177 7361968
178 3353078
179 11154617
180 3486887
181 4222867
182 8548836
183 1941643
184 5355936
185 4861141
186 5136795
187 8173545
188 9501253
189 9570328
190 4593928
191 5935779
194 20753892
195 135601570
196 6840674
197 3814782
198 38299
199 270142
200 457626
201 133688
202 247119
203 148090
204 148281
205 2527
206 18267839
207 9919401
208 15331234
209 6576157
210 1004
211 8144
212 68
213 2022
214 10179
215 37892
216 417114
217 643372
218 1296
219 4854
220 1920
221 26
222 10
223 489
224 7359166
225 6305770
226 115521342
227 4198706
228 2647197
229 5350671
230 3411395
231 2598715
232 2161578
233 1471544
234 210298
235 550252
236 720456
237 155776
238 47918
239 30361
240 2914
242 6
243 6
244 56

242 6
243 6
222 10
221 26
244 56
212 68
223 489
210 1004
218 1296
220 1920
213 2022
205 2527
240 2914
219 4854
211 8144
214 10179
239 30361
215 37892
198 38299
238 47918
'\t' 81610
201 133688
203 148090
204 148281
237 155776
'\u{13}' 195324
234 210298
202 247119
199 270142
216 417114
200 457626
'~' 463918
158 478279
'^' 511475
235 550252
'@' 629555
217 643372
236 720456
138 844663
157 854033
152 922237
142 951927
145 970486
154 1070816
156 1261377
149 1305445
155 1379034
233 1471544
143 1500336
146 1501592
150 1539732
153 1569221
140 1687558
144 1722150
151 1746535
134 1753773
137 1793701
166 1870401
183 1941643
175 2107061
232 2161578
133 2261059
135 2336222
'+' 2389627
141 2431338
172 2467957
159 2510849
231 2598715
163 2601272
228 2647197
174 2685301
'<' 2744211
'%' 2935034
136 2998431
139 3229867
167 3302940
178 3353078
230 3411395
180 3486887
197 3814782
'}' 3970399
'{' 3982436
170 4088308
227 4198706
181 4222867
132 4418988
190 4593928
131 4608283
185 4861141
176 5087454
186 5136795
229 5350671
184 5355936
'&' 5594278
'=' 5715876
191 5935779
130 6270828
225 6305770
171 6347642
209 6576157
'>' 6692648
196 6840674
'`' 7281368
162 7316046
224 7359166
177 7361968
'$' 8062621
168 8093106
187 8173545
129 8323936
'\\' 8525323
182 8548836
161 8609645
165 9316445
188 9501253
189 9570328
207 9919401
'[' 10352106
']' 10479532
160 10510271
179 11154617
173 12642498
208 15331234
206 18267839
164 18346532
194 20753892
'|' 25381356
'!' 26832401
'/' 26832968
169 43644239
'#' 44743910
'\u{17}' 46479411
147 48007634
148 55847657
'7' 56365862
'6' 58333180
'8' 62196522
';' 63402510
'4' 69035180
'5' 70910929
'?' 77635783
'3' 79847052
':' 89650918
'9' 90454554
'(' 94314550
')' 95319834
'z' 104374029
'q' 109840808
128 114837241
226 115521342
'2' 125147108
'0' 129865715
'\u{15}' 131854147
195 135601570
'*' 157991827
'x' 162930576
'j' 170902284
'-' 174715579
'1' 203112242
'_' 214698616
'"' 395137002
'\'' 419967463
'k' 731218643
'v' 843014247
'\n' 1090750478
'.' 1248740874
',' 1266587755
'b' 1291777151
'y' 1492629214
'w' 1621131628
'p' 1656025865
'g' 1741758335
'f' 1748383124
'm' 2120615486
'u' 2423019813
'c' 2430723942
'\u{14}' 2698875669
' ' 3111354970
'd' 3443302521
'l' 3527446071
'h' 4405456580
'r' 5053288289
's' 5404466481
'n' 5825940763
'i' 5954406100
'o' 6232775552
'a' 6845945335
't' 7364176174
'e' 10250881487
'\u{16}' 18435191024
