'\t' 81610
'\n' 1090750478
'\u{13}' 195324
' ' 17969497315
'!' 26832401
'"' 395137002
'#' 44743910
'$' 8062621
'%' 2935034
'&' 5594278
'\'' 419967463
'(' 94314550
')' 95319834
'*' 157991827
'+' 2389627
',' 1266587755
'-' 174715579
'.' 1248740874
'/' 26832968
'0' 129865715
'1' 203112242
'2' 125147108
'3' 79847052
'4' 69035180
'5' 70910929
'6' 58333180
'7' 56365862
'8' 62196522
'9' 90454554
':' 89650918
';' 63402510
'<' 2744211
'=' 5715876
'>' 6692648
'?' 77635783
'@' 629555
'A' 256549239
'B' 151885676
'C' 183230921
'D' 114928806
'E' 131681227
'F' 97541430
'G' 93176767
'H' 170698637
'I' 381594074
'J' 69654030
'K' 45540883
'L' 113172729
'M' 166398410
'N' 113611977
'O' 97716942
'P' 130378931
'Q' 9254604
'R' 118711446
'S' 260468429
'T' 311036571
'U' 43021765
'V' 38047472
'W' 133930108
'X' 6319905
'Y' 57776665
'Z' 8727546
'[' 10352106
'\\' 8525323
']' 10479532
'^' 511475
'_' 214698616
'`' 7281368
'a' 6589396096
'b' 1139891475
'c' 2247493021
'd' 3328373715
'e' 10119200260
'f' 1650841694
'g' 1648581568
'h' 4234757943
'i' 5572757283
'j' 101248254
'k' 685677760
'l' 3414273342
'm' 1954217076
'n' 5712328786
'o' 6135058610
'p' 1525646934
'q' 100586204
'r' 4934576843
's' 5143998052
't' 7053139603
'u' 2379998048
'v' 804966775
'w' 1487201520
'x' 156610671
'y' 1434852549
'z' 95646483
'{' 3982436
'|' 25381356
'}' 3970399
'~' 463918
128 115060528
129 8364399
130 6272335
131 4556032
132 4511192
133 2321478
134 1787488
135 2367738
136 3153828
137 2765110
138 874240
139 3231371
140 1763418
141 2432810
142 1028988
143 1489367
144 1793441
145 1029610
146 1626290
147 48114840
148 55996426
149 1343372
150 1685085
151 1763352
152 1040024
153 1590308
154 1288591
155 1338156
156 1463820
157 932032
158 592198
159 2541516
160 10366601
161 8438109
162 7331540
163 2623809
164 18296860
165 9196740
166 1847308
167 3206214
168 7993198
169 42682312
170 4090510
171 6316201
172 2494636
173 12553524
174 2611923
175 2119219
176 5052776
177 7283321
178 3281671
179 10992187
180 3334615
181 4180440
182 8404005
183 1924376
184 5281443
185 4831512
186 5030501
187 8110037
188 9296740
189 9529436
190 4485583
191 5864234
194 20753892
195 135600717
196 6895878
197 3815130
198 44020
199 270074
200 457667
201 128830
202 246310
203 148090
204 93538
205 2526
206 18489227
207 9698014
208 15526197
209 6381194
210 1004
211 8144
212 497
213 1699
214 10073
215 37892
216 417114
217 643372
218 1296
219 4854
220 1920
221 26
222 10
223 489
224 7359166
225 6306120
226 115521313
227 4198706
228 2647197
229 5350671
230 3411395
231 2598715
232 2161578
233 1471544
234 209994
235 550252
236 720456
237 155776
238 47918
239 30361
240 2914
242 6
243 6
244 56
